25       0      0  
24       0      0  
23       0      0  
22       0      0  
21       0      0  
20       0      0  
19       0      0  
18       0      0  
17       0      0  
16       0      0  
15       0      0  
14       0      0  
13       0      0  
12       0      0  
11       0      0  
10       0      0  
 9       0      0  
 8    3475   1612  **
 7   47980   2909  ***********
 6   53210  20278  ***************
 5   77359  10096  *****************
 4   97197   8241  *********************
 3  124044  13077  ***************************
 2  138590  34223  **********************************
 1  197889  14025  *****************************************